Value;Count;Percentage
RPNLHPSFIAIPPKK;27;1.756668835393624
RPNLHPSFIAIPPK;26;1.6916070266753416
SPTIPFFDPQIPK;20;1.3012361743656473
DLLFKDSAIGFSRVPPR;18;1.1711125569290826
SLDLDSIIAEVK;18;1.1711125569290826
VLPIPQQVVPYPQR;17;1.1060507482108002
FASFIDKVR;16;1.040988939492518
VAPEEHPVLLTEAPLNPK;15;0.9759271307742355
DSPIQCIQAIAENR;13;0.8458035133376708
TYYANPAVVRPHAQIPQR;13;0.8458035133376708
DGAGDVAFIR;12;0.7807417046193884
NLDLDSIIAEVK;12;0.7807417046193884
ADAVTLDGGFIYEAGLAPYK;11;0.715679895901106
AVPVQALLLNQELLLNPTHQIYPVTQPLAPVHNPISV;11;0.715679895901106
ILLNPQDKDGSFSVVITGLR;11;0.715679895901106
DSAIGFSRVPPR;11;0.715679895901106
FFSASCVPGADKGQFPNLCR;10;0.6506180871828237
IGGIGTVPVGR;10;0.6506180871828237
QYLPNSHPPTVVR;9;0.5855562784645413
DLLFKDSAIGFSR;9;0.5855562784645413
FQLFGSPSGQK;9;0.5855562784645413
MELLEDALVLRSAR;9;0.5855562784645413
DSAIGFSR;9;0.5855562784645413
LRSEIDNVKK;8;0.520494469746259
NLLFNDNTECLAR;8;0.520494469746259
VPPRIDSGLYLGSGYFTAIQNLR;8;0.520494469746259
IDSGLYLGSGYFTAIQNLR;7;0.4554326610279766
ADAAPDEKVLDSGFREIENK;7;0.4554326610279766
RPAIAINNPYVPR;7;0.4554326610279766
STELLIR;7;0.4554326610279766
EIAQDFKTDLR;7;0.4554326610279766
SYELPDGQVITIGNER;6;0.3903708523096942
YVLPNFEVK;6;0.3903708523096942
CAEQFCR;6;0.3903708523096942
IIAPPER;6;0.3903708523096942
LADFALLCLDGK;6;0.3903708523096942
ESTVFEDLSDEAERDEYELLCPDNTR;6;0.3903708523096942
LRPVAAEVYGTER;6;0.3903708523096942
QNLEPLFEQYINNLRR;6;0.3903708523096942
THYYAVAVVK;6;0.3903708523096942
EKQTDEIKDTR;6;0.3903708523096942
LAADDFR;6;0.3903708523096942
FLEQQNQVLQTK;6;0.3903708523096942
LADFALLCLDGKR;6;0.3903708523096942
IEISELNR;6;0.3903708523096942
LNEYNQLQLQAAHAQEQIR;6;0.3903708523096942
QVLLHQQAK;6;0.3903708523096942
AVFPSIVGRPR;6;0.3903708523096942
LASYLDKVR;6;0.3903708523096942
SVNGKEDAIWNLLR;6;0.3903708523096942
GGSFQLNELQGLK;6;0.3903708523096942
GPPVSCIK;6;0.3903708523096942
AGFAGDDAPR;6;0.3903708523096942
TLQALEFHTVPFQLLAR;6;0.3903708523096942
CLRDGAGDVAFIR;5;0.32530904359141183
TVTINCPFKTENAQKR;5;0.32530904359141183
CGLVPVLAENYK;5;0.32530904359141183
FQLFGSPSGQKDLLFKDSAIGFSR;5;0.32530904359141183
KTLLSNLEEAKK;5;0.32530904359141183
YLGPQYVAGITNLK;5;0.32530904359141183
ELDESLQVAER;5;0.32530904359141183
ILLNPQDKDGSFSVVITGLRKEDAGR;5;0.32530904359141183
SDTSLTWNSVK;5;0.32530904359141183
EPQDTYHYLPFSLPHR;5;0.32530904359141183
LTDLENLHLPLPLLQPLMQQVPQPIPQTLALPPQPLWSVPQPK;5;0.32530904359141183
VRGPPVSCIK;5;0.32530904359141183
DHSVSLSPSLFKPEEFTPLDPTQEPIFPPELLR;5;0.32530904359141183
QLIVGVNK;5;0.32530904359141183
LQNPSESSEPIPLESR;5;0.32530904359141183
CAFSSQEPYFSYSGAFK;5;0.32530904359141183
CLAENAGDVAFVKDVTVLQNTDGNNNEAWAK;5;0.32530904359141183
LRPVAAEVYGTERQPR;5;0.32530904359141183
LASYLDK;4;0.2602472348731295
HGVQELEIELQSQLSKK;4;0.2602472348731295
ESTVFEDLSDEAERDEYELLCPDNTRKPVDKFKDCHLAR;4;0.2602472348731295
FLEQQNQVLQTKWELLQQVDTSTR;4;0.2602472348731295
FTPGTFTNQIQAAFREPR;4;0.2602472348731295
YLGPQYVAGITNLKK;4;0.2602472348731295
FLEQQNKVLDTK;4;0.2602472348731295
TTNIQGINLLFSSR;4;0.2602472348731295
EVQTNDLK;4;0.2602472348731295
QTDEIKDTR;4;0.2602472348731295
LASYLDKVQALEEANNDLENKIQDWYDKKGPAAIQK;4;0.2602472348731295
NADLQVLKPEPELVYEDLRGSVTFHCALGPEVANVAK;4;0.2602472348731295
DPPADVQLFQEVPK;4;0.2602472348731295
CSTSPLLEACEFLRK;4;0.2602472348731295
DVSLAKADAAPDEK;4;0.2602472348731295
NSKIEISELNR;4;0.2602472348731295
LPLRYPERLQNPSESSEPIPLESR;4;0.2602472348731295
QLDSIVGER;4;0.2602472348731295
TNAENEFVTIKK;4;0.2602472348731295
TTYEKYLGPQYVAGITNLKK;4;0.2602472348731295
NRPGVYTK;4;0.2602472348731295
ILLNPQDKDGSFSVVITGLRK;4;0.2602472348731295
VGDTLNLNLR;4;0.2602472348731295
VYTVDLGR;4;0.2602472348731295
GSFEFPVGDAVSK;4;0.2602472348731295
QSPINLQR;4;0.2602472348731295
DSPIQCIQAIAENRADAVTLDGGFIYEAGLAPYK;4;0.2602472348731295
LNEYNQLQLQAAHAQEQIRR;4;0.2602472348731295
NQLTSNPENTVFDAKR;4;0.2602472348731295
TNAENEFVTIK;4;0.2602472348731295
RSDTSLTWNSVK;4;0.2602472348731295
IDSGLYLGSGYFTAIQNLRKSEEEVAAR;3;0.1951854261548471
RSDTSLTWNSVKGK;3;0.1951854261548471
NKLNDLEDALQQAKEDLAR;3;0.1951854261548471
RAPAFEGR;3;0.1951854261548471
EAGTLAYYEICDFLR;3;0.1951854261548471
SFTLASSETGVGAPISGPGIPGR;3;0.1951854261548471
TLIEKTNEER;3;0.1951854261548471
LADFALLCLDGKRKPVTEAR;3;0.1951854261548471
CGLGINSR;3;0.1951854261548471
LKQVLLHQQAK;3;0.1951854261548471
THNLEPYFESFINNLRR;3;0.1951854261548471
LHGKTTYEK;3;0.1951854261548471
TLLDIDNTR;3;0.1951854261548471
YYGYTGAFR;3;0.1951854261548471
EDAIWNLLR;3;0.1951854261548471
TPLPLAGPPR;3;0.1951854261548471
VVWCAVGEQELRK;3;0.1951854261548471
YEELQITAGR;3;0.1951854261548471
SLEPFTLEILAR;3;0.1951854261548471
ASSIIDELFQDR;3;0.1951854261548471
ADAVTLDGGFIYEAGLAPYKLRPVAAEVYGTER;3;0.1951854261548471
IRLENEIQTYR;3;0.1951854261548471
EVSTYIK;3;0.1951854261548471
SEEEVAAR;3;0.1951854261548471
QEYDESGPSIVHR;3;0.1951854261548471
SIHLFIDSLLNEENPSK;3;0.1951854261548471
QAQEKFGKDKSPK;3;0.1951854261548471
FPLTNAIKDALAAT;3;0.1951854261548471
VTTVASHTSDSDVPSGVTEVVVKLFDSDPITVTVPVEVSR;3;0.1951854261548471
TTYEKYLGPQYVAGITNLK;3;0.1951854261548471
IDSGLYLGSGYFTAIQNLRK;3;0.1951854261548471
LCAGTGENK;3;0.1951854261548471
GFSSGSAVVSGGSR;3;0.1951854261548471
NLFETPILAR;3;0.1951854261548471
THNLEPYFESFINNLR;3;0.1951854261548471
DLKLADFALLCLDGKR;3;0.1951854261548471
ATNYNAGDRSTDYGIFQINSR;3;0.1951854261548471
CAEQFCRLNEYNQLQLQAAHAQEQIRR;3;0.1951854261548471
AQYEEIAQR;3;0.1951854261548471
FPLTNAIK;3;0.1951854261548471
THYYAVAVVKK;3;0.1951854261548471
DGAGDVAFIRESTVFEDLSDEAERDEYELLCPDNTR;3;0.1951854261548471
QSSGENCDVVVNTLGK;3;0.1951854261548471
STDYGIFQINSR;3;0.1951854261548471
DIENQYETQITQIEHEVSSSGQEVQSSAKEVTQLR;3;0.1951854261548471
FQLFGSPSGQKDLLFK;3;0.1951854261548471
STVVSTAVALAAYK;3;0.1951854261548471
VRGPPVSCIKR;3;0.1951854261548471
CVPNSNER;3;0.1951854261548471
AEAESLYQSK;3;0.1951854261548471
ADAAPDEKVLDSGFR;3;0.1951854261548471
TAAENEFVTLKK;3;0.1951854261548471
WTLLQEQGTK;3;0.1951854261548471
DVSLAKADAAPDEKVLDSGFREIENK;3;0.1951854261548471
DSAIGFSRVPPRIDSGLYLGSGYFTAIQNLR;3;0.1951854261548471
LFDSDPITVTVPVEVSRK;3;0.1951854261548471
YLDGLTAER;3;0.1951854261548471
SVQWCAVSQPEATK;3;0.1951854261548471
SEIDNVK;2;0.13012361743656475
ASSIIDELFQDRFFTR;2;0.13012361743656475
QFPFLASIQNQGR;2;0.13012361743656475
ELDESLQVAERLTR;2;0.13012361743656475
ILGQQVPYATK;2;0.13012361743656475
ALEEANADLEVK;2;0.13012361743656475
DYSKYYK;2;0.13012361743656475
VLDSGFR;2;0.13012361743656475
NTKQEIAEINR;2;0.13012361743656475
QDGSVDFGR;2;0.13012361743656475
ADAVTLDGGFIYEAGLAPYKLRPVAAEVYGTERQPR;2;0.13012361743656475
NSKIEISELNRVIQR;2;0.13012361743656475
MYSGLAQTGAWGCFDEFNR;2;0.13012361743656475
LELSVDGAK;2;0.13012361743656475
EVQTNDLKEVVNK;2;0.13012361743656475
EVTGIITQGAR;2;0.13012361743656475
ADTLTDEINFLR;2;0.13012361743656475
NKPGVYTK;2;0.13012361743656475
GPPVSCIKR;2;0.13012361743656475
QSTLDKEL;2;0.13012361743656475
DDNPNLPR;2;0.13012361743656475
FAAATGATPIAGR;2;0.13012361743656475
DLKLADFALLCLDGK;2;0.13012361743656475
QTALVELVK;2;0.13012361743656475
AFVNCDENSR;2;0.13012361743656475
APAFEGR;2;0.13012361743656475
YIYGKPVQGVAYVR;2;0.13012361743656475
SLVGLGGTK;2;0.13012361743656475
WELLQQVDTSTR;2;0.13012361743656475
VDFTLSSER;2;0.13012361743656475
ELISNASDALDKIR;2;0.13012361743656475
TNLPSNTAFR;2;0.13012361743656475
IASDGLK;2;0.13012361743656475
VLDELTLAR;2;0.13012361743656475
SEIDNVKK;2;0.13012361743656475
ILLNPQDK;2;0.13012361743656475
VTVIANAQDLSK;2;0.13012361743656475
SIDTSEAK;2;0.13012361743656475
VVRDPQGIR;2;0.13012361743656475
LVNEVTEFAK;2;0.13012361743656475
NILREKQTDEIKDTR;2;0.13012361743656475
VLDSGFREIENK;2;0.13012361743656475
IIEGEPNLK;2;0.13012361743656475
GSVFLRNPSR;2;0.13012361743656475
SLLEGEGSSGGGGR;2;0.13012361743656475
IRPFFPQQ;2;0.13012361743656475
QEYEQLIAK;2;0.13012361743656475
QISNLQQSISDAEQRGENALKDAK;2;0.13012361743656475
SLVNLGGSK;2;0.13012361743656475
LDSPATPEK;2;0.13012361743656475
VDPEIQNVK;2;0.13012361743656475
DAEAWFNEK;2;0.13012361743656475
VFALDQK;2;0.13012361743656475
TTNIQGINLLFSSRR;2;0.13012361743656475
VLPIPQQVVPYPQRAVPVQALLLNQELLLNPTHQIYPVTQPLAPVHNPISV;2;0.13012361743656475
TVTINCPFK;2;0.13012361743656475
KYNELLK;2;0.13012361743656475
TAAENDFVTLK;2;0.13012361743656475
IDSLLENDR;2;0.13012361743656475
IVLVDNK;2;0.13012361743656475
AIQDPRLFAEEK;2;0.13012361743656475
LAVYQAGAR;2;0.13012361743656475
GPDFFTR;2;0.13012361743656475
LITEDVQGK;2;0.13012361743656475
ELFRLDSPATPEK;2;0.13012361743656475
SGSGLVGR;2;0.13012361743656475
TLLEGEESR;2;0.13012361743656475
SQYEQLAEQNRK;2;0.13012361743656475
AEFQDALEK;2;0.13012361743656475
SSEDPNEDIVERNIR;2;0.13012361743656475
AEFAEVSK;2;0.13012361743656475
STSSFSCLSR;2;0.13012361743656475
LVGQDVAR;2;0.13012361743656475
VTASDPLDTLGSEGALSPGGVASLLRLPR;2;0.13012361743656475
IIVPLNNR;2;0.13012361743656475
EFPTVPLVK;2;0.13012361743656475
EGEYFSAFK;2;0.13012361743656475
VEASISK;2;0.13012361743656475
TPGPGAQSALR;2;0.13012361743656475
TLLSNLEEAK;2;0.13012361743656475
CSVFYGAPSK;2;0.13012361743656475
SEEEVAARR;2;0.13012361743656475
FTTDLDSPR;2;0.13012361743656475
LGPLVEQGR;2;0.13012361743656475
TLNNDIMLIK;2;0.13012361743656475
ISSVLAGGSCR;2;0.13012361743656475
SVPPFLR;2;0.13012361743656475
ALEILQEEDLIDEDDIPVR;2;0.13012361743656475
QAQEKFGK;2;0.13012361743656475
TLVDAVAK;2;0.13012361743656475
LGQYASPTAK;2;0.13012361743656475
SISISVAR;2;0.13012361743656475
LVNGQSHISLSK;2;0.13012361743656475
GHLFLQTDQPIYNPGQR;2;0.13012361743656475
ITPSYVAFTPEGER;2;0.13012361743656475
TLLSNLEEAKK;2;0.13012361743656475
WESGYNTR;2;0.13012361743656475
LLVVTDPR;2;0.13012361743656475
ISISTSGGSFR;2;0.13012361743656475
IANVFTNAFR;2;0.13012361743656475
VLEDSDLK;2;0.13012361743656475
NGSDCPDKFCLFQSETK;2;0.13012361743656475
IYTFNQSR;2;0.13012361743656475
SKAEAESLYQSKYEELQITAGR;2;0.13012361743656475
HLVPGAPFLLQALVR;2;0.13012361743656475
GSLGGGFSSGGFSGGSFSR;2;0.13012361743656475
NADPETTLLAYLR;2;0.13012361743656475
SDTSLTWNSVKGK;2;0.13012361743656475
SFTLASSETGVGAPISGPGIPGRFTK;2;0.13012361743656475
CPLLVDSEGWVK;2;0.13012361743656475
GVAGGSVAVLCPYNRK;2;0.13012361743656475
LVAASQAALGL;2;0.13012361743656475
ASAGLLGAHAAAITAYALTLTK;2;0.13012361743656475
ARVVWCAVGEQELR;2;0.13012361743656475
SNLCALCIGDEQGENKCVPNSNERYYGYTGAFR;2;0.13012361743656475
IIRSSEDPNEDIVER;2;0.13012361743656475
AAGSRDVSLAKADAAPDEKVLDSGFREIENK;2;0.13012361743656475
LAADDFRLKYENEVALR;2;0.13012361743656475
NAVHVNLFETPVEAQYVR;2;0.13012361743656475
IIRSSEDPNEDIVERNIR;2;0.13012361743656475
VTASDPLDTLGSEGALSPGGVASLLR;2;0.13012361743656475
ESTVFEDLSDEAER;2;0.13012361743656475
VTFLGLQHWVPELAR;2;0.13012361743656475
ELSEALGQIFDSQR;2;0.13012361743656475
SNLCALCIGDEQGENK;2;0.13012361743656475
VMPVLKSPTIPFFDPQIPK;2;0.13012361743656475
IQRPPEDSIQPYEK;2;0.13012361743656475
ITGLDPAGPNFEYAEAPSRLSPDDADFVDVLHTFTR;2;0.13012361743656475
SDLAVPSELALLK;2;0.13012361743656475
EILSVDCSTNNPSQAK;2;0.13012361743656475
KTLLSNLEEAK;2;0.13012361743656475
FDEYFSQSCAPGSDPR;2;0.13012361743656475
HGVQELEIELQSQLSK;2;0.13012361743656475
NYSPYYNTIDDLKDQIVDLTVGNNKTLLDIDNTR;2;0.13012361743656475
RGHLFLQTDQPIYNPGQR;2;0.13012361743656475
CLAENAGDVAFVKDVTVLQNTDGNNNEAWAKDLK;2;0.13012361743656475
CPLLVDSEGWVKAQYEGR;2;0.13012361743656475
LNDLEDALQQAKEDLAR;2;0.13012361743656475
VFDEFKPLVEEPQNLIK;2;0.13012361743656475
VPSHAVVAR;2;0.13012361743656475
SGGGGGGGLGSGGSIR;2;0.13012361743656475
GGCITLISSEGYVSSK;2;0.13012361743656475
FFSASCVPGADK;2;0.13012361743656475
KGGSFQLNELQGLK;2;0.13012361743656475
DVSLAKADAAPDEKVLDSGFR;2;0.13012361743656475
LFAEEKAVADTRDQADGSR;2;0.13012361743656475
RSVQWCAVSQPEATK;2;0.13012361743656475
CYTAVVPLVYGGETK;2;0.13012361743656475
QISNLQQSISDAEQR;2;0.13012361743656475
RPHFFFPK;2;0.13012361743656475
AQEHYPVSAGYTK;2;0.13012361743656475
SLNNQFASFIDKVR;2;0.13012361743656475
CLAENAGDVAFVK;2;0.13012361743656475
SLDLDSIIAEVKAQYEDIAQK;2;0.13012361743656475
TLLSVGGWNFGSQR;2;0.13012361743656475
LSPDDADFVDVLHTFTR;2;0.13012361743656475
NVQALEIELQSQLALK;2;0.13012361743656475
GSVTFHCALGPEVANVAK;2;0.13012361743656475
AIVAIENPADVSVISSR;2;0.13012361743656475
ARVVWCAVGEQELRK;2;0.13012361743656475
ALEESNYELEGK;2;0.13012361743656475
TVTINCPFKTENAQK;2;0.13012361743656475
LLLFSPSVVHLGVPLSVGVQLQDVPR;2;0.13012361743656475
DVTVLQNTDGNNNEAWAKDLK;2;0.13012361743656475
VTTVASHTSDSDVPSGVTEVVVK;2;0.13012361743656475
LSINTHPSQKPLSITVR;2;0.13012361743656475
SLNNQFASFIDK;2;0.13012361743656475
KPLTICPIADGPER;2;0.13012361743656475
AKDTVYTK;2;0.13012361743656475
GALQNIIPASTGAAK;2;0.13012361743656475
CVPNSNERYYGYTGAFR;2;0.13012361743656475
IINEPTAAAIAYGLDKR;2;0.13012361743656475
NADLQVLKPEPELVYEDLR;2;0.13012361743656475
VPPRIDSGLYLGSGYFTAIQNLRK;2;0.13012361743656475
FVYHLSDLCK;2;0.13012361743656475
LSDAGQYLCQAGDDSNSNKK;2;0.13012361743656475
SSEDPNEDIVER;2;0.13012361743656475
LFAEEKAVADTR;2;0.13012361743656475
YLCGAHSDGQLQEGSPIQAWQLFVNEESTIPR;2;0.13012361743656475
KSEEEVAAR;2;0.13012361743656475
TRFVYHLSDLCK;2;0.13012361743656475
MWVTGVVTQGASR;1;0.06506180871828238
TIDDLKNQILNLTTDNANILLQIDNAR;1;0.06506180871828238
QIKTLIEKTNEER;1;0.06506180871828238
AHYGGFTVQNEANKYQISVNK;1;0.06506180871828238
GVAGGSVAVLCPYNRKESK;1;0.06506180871828238
LEGFTLPR;1;0.06506180871828238
SKEEAEALYHSKYEELQVTVGR;1;0.06506180871828238
VAPAPAVVK;1;0.06506180871828238
QPACHENDERPFYQK;1;0.06506180871828238
TGEAIVDAALSALR;1;0.06506180871828238
LLEELKWKK;1;0.06506180871828238
NVTLPAVFK;1;0.06506180871828238
LTIAEER;1;0.06506180871828238
LLEQGLR;1;0.06506180871828238
GGGFGGGSSFGGGSGFSGGGFGGGGFGGGR;1;0.06506180871828238
LIPTQPSQGAP;1;0.06506180871828238
VLTPTQVK;1;0.06506180871828238
DKQHFTTLIK;1;0.06506180871828238
GSGGGSSGGSIGGR;1;0.06506180871828238
SEITELR;1;0.06506180871828238
AIGGGLSSVGGGSSTIK;1;0.06506180871828238
YPERLQNPSESSEPIPLESR;1;0.06506180871828238
QLQSEQPQTAAAR;1;0.06506180871828238
DFIDIESK;1;0.06506180871828238
LASYLDKVQALEEANNDLENK;1;0.06506180871828238
SCHLAMAPNHAVVSR;1;0.06506180871828238
LYEQLSGK;1;0.06506180871828238
ALQASALK;1;0.06506180871828238
VIPELNGK;1;0.06506180871828238
VAPAPAVVKKQEAK;1;0.06506180871828238
FGGFGGPGGVGGLGGPGGFGPGGYPGGIHEVSVNQSLLQPLNVK;1;0.06506180871828238
AVVGVVAGGGR;1;0.06506180871828238
LQVVDQPLPVR;1;0.06506180871828238
LKQVLLHQQAKFGR;1;0.06506180871828238
ETIESLSSSEESITEYK;1;0.06506180871828238
FSSCGGGGGSFGAGGGFGSR;1;0.06506180871828238
AQAWGER;1;0.06506180871828238
FSSSGGGGGGGR;1;0.06506180871828238
QASEGPLK;1;0.06506180871828238
GDVFPSYTCTCLK;1;0.06506180871828238
TRDRLDEVKEQVAEVR;1;0.06506180871828238
QEQSYFVR;1;0.06506180871828238
SVRLEDSR;1;0.06506180871828238
GLVQALQTK;1;0.06506180871828238
ELQAAQAR;1;0.06506180871828238
SVNGKEDAIWNLLRQAQEK;1;0.06506180871828238
NGSDCPDKFCLFQSETKNLLFNDNTECLAR;1;0.06506180871828238
YENELSLR;1;0.06506180871828238
RDSPIQCIQAIAENR;1;0.06506180871828238
LVLSSEK;1;0.06506180871828238
NIETIINTFHQYSVK;1;0.06506180871828238
EFVGNWNK;1;0.06506180871828238
QGALELIK;1;0.06506180871828238
ILKSPEIQR;1;0.06506180871828238
AGVNTVTTLVENK;1;0.06506180871828238
RVVRDPQGIR;1;0.06506180871828238
SNLCALCIGDEQGENKCVPNSNER;1;0.06506180871828238
YAASSYLSLTPEQWR;1;0.06506180871828238
LASHEYLK;1;0.06506180871828238
FQNALLVR;1;0.06506180871828238
RKPVTEAR;1;0.06506180871828238
QNQIAVDEIRER;1;0.06506180871828238
VDLLNQEIEFLK;1;0.06506180871828238
KVPQVSTPTLVEVSR;1;0.06506180871828238
IFPGNWDNHSHKK;1;0.06506180871828238
GISLANWMCLAK;1;0.06506180871828238
QSVEADINGLRR;1;0.06506180871828238
QLEQVIAK;1;0.06506180871828238
EIQNAVNGVK;1;0.06506180871828238
IKEWYEK;1;0.06506180871828238
YVPPSSTDRSPYEK;1;0.06506180871828238
AVEVLPK;1;0.06506180871828238
KPVDKFK;1;0.06506180871828238
TLIEKTNEERK;1;0.06506180871828238
ISLPESLK;1;0.06506180871828238
GGGGSFGYSYGGGSGGGFSASSLGGGFGGGSR;1;0.06506180871828238
ECEEIIR;1;0.06506180871828238
RNEFSSK;1;0.06506180871828238
NLGTIAK;1;0.06506180871828238
ALKIPTSK;1;0.06506180871828238
KVEGFDLVQKPSYYVR;1;0.06506180871828238
IASNTQSR;1;0.06506180871828238
NKLNDLEEALQQAKEDLAR;1;0.06506180871828238
YLYEIAR;1;0.06506180871828238
QFSSSYLSR;1;0.06506180871828238
GGGGGGYGSGGSSYGSGGGSYGSGGGGGGGR;1;0.06506180871828238
VLLDGVQNPR;1;0.06506180871828238
STDLPGLK;1;0.06506180871828238
DVTVLQNTDGNNNEAWAK;1;0.06506180871828238
QAQEKFGKDK;1;0.06506180871828238
IQALNGPLR;1;0.06506180871828238
ATVNPSAPR;1;0.06506180871828238
LLETECPQYIR;1;0.06506180871828238
TAHISGLPPSTDFIVYLSGLAPSIR;1;0.06506180871828238
LDAPSQIEVK;1;0.06506180871828238
FPSTSESR;1;0.06506180871828238
GVLEQLR;1;0.06506180871828238
ADAAPDEK;1;0.06506180871828238
NLAVSQVVHK;1;0.06506180871828238
HFSNTGLDR;1;0.06506180871828238
LSNIFVIGK;1;0.06506180871828238
ELTTEIDNNIEQISSYKSEITELRR;1;0.06506180871828238
TPITVVK;1;0.06506180871828238
LDPTFASATLLFQKDPPADVQLFQEVPK;1;0.06506180871828238
AQYEEIARK;1;0.06506180871828238
IFAEKGPQK;1;0.06506180871828238
LGSLSER;1;0.06506180871828238
RIPIEDGSGEVVLSR;1;0.06506180871828238
NYSPYYNTIDDLKDQIVDLTVGNNK;1;0.06506180871828238
AELQEGAR;1;0.06506180871828238
SGYLLPDTK;1;0.06506180871828238
IQDWYDK;1;0.06506180871828238
SLNDKFASFIDKVR;1;0.06506180871828238
LASAYGAR;1;0.06506180871828238
ELTLEDLK;1;0.06506180871828238
GGSGGSYGGGGSGGGYGGGSGSR;1;0.06506180871828238
GGSSSGGGYGSGGGGSSSVK;1;0.06506180871828238
LNDLEEALQQAKEDLAR;1;0.06506180871828238
LAPEYEAAATR;1;0.06506180871828238
IVAPGKGILAADESTGSIAK;1;0.06506180871828238
TAAENDFVTLKK;1;0.06506180871828238
REEAPSLRPAPPPISGGGYR;1;0.06506180871828238
AIQDPRLFAEEKAVADTR;1;0.06506180871828238
LYPTSCHTACTLR;1;0.06506180871828238
LGQENLEDK;1;0.06506180871828238
VGPLLACIIGTQFR;1;0.06506180871828238
LDELRDEGK;1;0.06506180871828238
ILPVAWHNR;1;0.06506180871828238
LDPTFASATLLFQK;1;0.06506180871828238
IPAFGSIPIEFR;1;0.06506180871828238
KPVDKFKDCHLAR;1;0.06506180871828238
GVVDSDDLPLNVSR;1;0.06506180871828238
IVLVDNKCK;1;0.06506180871828238
NDVVFQPISGEDVR;1;0.06506180871828238
LENEIQTYR;1;0.06506180871828238
SGTSEFLNK;1;0.06506180871828238
ATLVQDGIAK;1;0.06506180871828238
EATNPPVIQEEKPK;1;0.06506180871828238
SYSCQVMHEGSTVEK;1;0.06506180871828238
DGSFSVVITGLRK;1;0.06506180871828238
LSKDPNIVIAK;1;0.06506180871828238
SQYEQLAEQNR;1;0.06506180871828238
SNLDEDIIAEENIVSR;1;0.06506180871828238
AGTPYTVTLHGEVR;1;0.06506180871828238
VVWCAVGEQELR;1;0.06506180871828238
QLQGPEKEPPKPEQVESR;1;0.06506180871828238
LRRELDESLQVAER;1;0.06506180871828238
LFDSDPITVTVPVEVSR;1;0.06506180871828238
AATVGSLAGQPLQER;1;0.06506180871828238
ITAQGQYELR;1;0.06506180871828238
QNQIAVDEIR;1;0.06506180871828238
AVDTWSWGER;1;0.06506180871828238
GTPLISPLIK;1;0.06506180871828238
QLLLSAALSAGK;1;0.06506180871828238
FVYHLSDLCKK;1;0.06506180871828238
ATNYNAGDR;1;0.06506180871828238
EDVYVVGTVLR;1;0.06506180871828238
SVVSGSINTVLGSR;1;0.06506180871828238
FPQLDSTSFANSR;1;0.06506180871828238
TAGWNVPIGTLRPFLNWTGPPEPIEAAVAR;1;0.06506180871828238
SGFSSVSVSR;1;0.06506180871828238
GFSSGSAVVSGGSRR;1;0.06506180871828238
CSTSPLLEACEFLR;1;0.06506180871828238
EGEYFSAFKQASR;1;0.06506180871828238
THLAPYSDELRQR;1;0.06506180871828238
SDTSLTWNSVKGKK;1;0.06506180871828238
ETFTTGLDAPR;1;0.06506180871828238
TVSGNTVEYALTDLEPATEYTLR;1;0.06506180871828238
TSKGEKFPSTSESR;1;0.06506180871828238
ATEHLSTLSEK;1;0.06506180871828238
IYTSPTWSAFVTDSSWSAR;1;0.06506180871828238
TLVDAVAKLPAQK;1;0.06506180871828238
YLCGAHSDGQLQEGSPIQAWQLFVNEESTIPRSPTVVK;1;0.06506180871828238
EVSDSLLTSSK;1;0.06506180871828238
LPAQKTEVFR;1;0.06506180871828238
NVQDAIADAEQR;1;0.06506180871828238
KSEEEVAARR;1;0.06506180871828238
DGSFSVVITGLR;1;0.06506180871828238
NYGQLDIFPAR;1;0.06506180871828238
FGKDKSPKFQLFGSPSGQK;1;0.06506180871828238
FDSWPCVLGR;1;0.06506180871828238
SQQSSDPDPNCVDRPVEGYLAVAVVR;1;0.06506180871828238
STSSFPCPAGHFNGFR;1;0.06506180871828238
EPDSNVIVVDWLSR;1;0.06506180871828238
LPEDPLLSGLLDSPALK;1;0.06506180871828238
AAAAAAALQAK;1;0.06506180871828238
LNDLEDALQQAK;1;0.06506180871828238
SQQSSDPDPNCVDRPVEGYLAVAVVRR;1;0.06506180871828238
AAEQYTPK;1;0.06506180871828238
LCAGTGENKCAFSSQEPYFSYSGAFK;1;0.06506180871828238
QALAQISLPR;1;0.06506180871828238
SGGGFSSGSAGIINYQR;1;0.06506180871828238
KEDAGRYLCGAHSDGQLQEGSPIQAWQLFVNEESTIPR;1;0.06506180871828238
LGTLSPAFSTR;1;0.06506180871828238
LFDQAFGLPR;1;0.06506180871828238
GLEPGQEYNVLLTAEKGR;1;0.06506180871828238
KVSPAVLVHR;1;0.06506180871828238
QGVDADINGLR;1;0.06506180871828238
TNRPPLSLSR;1;0.06506180871828238
ILTFDQLALDSPK;1;0.06506180871828238
ENAGEDPGLAR;1;0.06506180871828238
ADLSGITGAR;1;0.06506180871828238
LHLSGIDANPNALFPPVEFPAPR;1;0.06506180871828238
GLIDEVNQDFTNR;1;0.06506180871828238
VVVQVLAEEPEAVLK;1;0.06506180871828238
NIPGITLLNVSK;1;0.06506180871828238
SPKFQLFGSPSGQK;1;0.06506180871828238
STHTLDLSR;1;0.06506180871828238
IIAATIENAQPILQIDNAR;1;0.06506180871828238
RLTVGAAQVPAQLLVGALR;1;0.06506180871828238
QITASSSYK;1;0.06506180871828238
ELFRLDSPATPEKIR;1;0.06506180871828238
NSLFEYQK;1;0.06506180871828238
VTWIQASTLKELLDLK;1;0.06506180871828238
DTVTISGPQAPVFEFVEQLRK;1;0.06506180871828238
VEISIPASSLPR;1;0.06506180871828238
VFERCELAR;1;0.06506180871828238
IPIEDGSGEVVLSR;1;0.06506180871828238
LTVGAAQVPAQLLVGALR;1;0.06506180871828238
GQFPNLCR;1;0.06506180871828238
TPEAVQKLLEQGLR;1;0.06506180871828238
NQILNLTTDNANILLQIDNAR;1;0.06506180871828238
DGAGDVAFIRESTVFEDLSDEAER;1;0.06506180871828238
AGNLGGGVVTIER;1;0.06506180871828238
DAVTTTVTGAK;1;0.06506180871828238
AACLLPK;1;0.06506180871828238
TFISPIK;1;0.06506180871828238
SSLNPILFR;1;0.06506180871828238
GVAGGSVAVLCPYNR;1;0.06506180871828238
TSFTSVSR;1;0.06506180871828238
IATSLDGFDVASVQQQR;1;0.06506180871828238
YSSDYFQAPSDYR;1;0.06506180871828238
IQLQCQDGSTR;1;0.06506180871828238
AAIDSYR;1;0.06506180871828238
AFPALTSLDLSDNPGLGER;1;0.06506180871828238
NESTQNCVVAEPEK;1;0.06506180871828238
IALRLELLGC;1;0.06506180871828238
IGLASALQPR;1;0.06506180871828238
HGGGGGGFGGGGFGSR;1;0.06506180871828238
LAAVDATVNQVLASR;1;0.06506180871828238
GEKFPSTSESR;1;0.06506180871828238
NFGSVQFVASYK;1;0.06506180871828238
EAESSPFVER;1;0.06506180871828238
DTVYTKGR;1;0.06506180871828238
LADGGATNQGR;1;0.06506180871828238
QSVEADINGLR;1;0.06506180871828238
GGSISGGGYGSGGGK;1;0.06506180871828238
LKYENEVALR;1;0.06506180871828238
VTTTRLDAPSQIEVK;1;0.06506180871828238
IVAPGKGILAADESTGSIAKR;1;0.06506180871828238
VGDPQELNGITR;1;0.06506180871828238
GDFSSANNR;1;0.06506180871828238
LVSLTLNLVTR;1;0.06506180871828238
LDSPATPEKIR;1;0.06506180871828238
VSSFLPWIR;1;0.06506180871828238
QLSSGVSEIR;1;0.06506180871828238
AGALNSNDAFVLKTPSAAYLWVGTGASEAEKTGAQELLR;1;0.06506180871828238
TADKLVFFVNGR;1;0.06506180871828238
VLNTEANVVR;1;0.06506180871828238
FAFQAEVNR;1;0.06506180871828238
EGVKFDESEKTKESR;1;0.06506180871828238
GGCITLISSEGYVSSKYAGR;1;0.06506180871828238
LATQSNEITIPVTFESR;1;0.06506180871828238
LPLRYPER;1;0.06506180871828238
ATLVQDGIAKGR;1;0.06506180871828238
LNNGEITQHR;1;0.06506180871828238
DVSLAKADAAPDEKVLDSGFREIENKAIQDPR;1;0.06506180871828238
AQYEDIAQK;1;0.06506180871828238
NPDEEGLFTVAASVIIR;1;0.06506180871828238
NVNPVALPR;1;0.06506180871828238
EIETYHNLLEGGQEDFESSGAGK;1;0.06506180871828238
ETFTSGR;1;0.06506180871828238
ASASDGSSFVVAR;1;0.06506180871828238
APSTYGGGLSVSSSR;1;0.06506180871828238
