Value;Count;Percentage
VLPIPQQVVPYPQR;68;4.3786220218931104
TYYANPAVVRPHAQIPQR;52;3.34835801674179
LNEYNQLQLQAAHAQEQIRR;43;2.7688345138441726
ADAAPDEKVLDSGFREIENK;37;2.3824855119124275
RPNLHPSFIAIPPK;32;2.06052801030264
RPAIAINNPYVPR;27;1.7385705086928525
EKQTDEIKDTR;25;1.6097875080489377
AVPVQALLLNQELLLNPTHQIYPVTQPLAPVHNPISV;23;1.4810045074050224
RSDTSLTWNSVK;23;1.4810045074050224
LRPVAAEVYGTER;22;1.4166130070830651
DSPIQCIQAIAENR;21;1.3522215067611076
QYLPNSHPPTVVR;20;1.28783000643915
FFSASCVPGADKGQFPNLCR;20;1.28783000643915
SPTIPFFDPQIPK;19;1.2234385061171926
QTDEIKDTR;18;1.159047005795235
KGGSFQLNELQGLK;18;1.159047005795235
CLRDGAGDVAFIR;17;1.0946555054732776
LNEYNQLQLQAAHAQEQIR;17;1.0946555054732776
DVSLAKADAAPDEKVLDSGFREIENK;16;1.03026400515132
LADFALLCLDGK;16;1.03026400515132
VAPEEHPVLLTEAPLNPK;15;0.9658725048293626
IGGIGTVPVGR;15;0.9658725048293626
CSTSPLLEACEFLRK;13;0.8370895041854475
RAPAFEGR;13;0.8370895041854475
CAEQFCR;13;0.8370895041854475
LRPVAAEVYGTERQPR;13;0.8370895041854475
DLLFKDSAIGFSR;13;0.8370895041854475
YLGPQYVAGITNLKK;13;0.8370895041854475
DGAGDVAFIR;13;0.8370895041854475
ADAVTLDGGFIYEAGLAPYK;13;0.8370895041854475
DSAIGFSRVPPR;13;0.8370895041854475
THYYAVAVVK;12;0.7726980038634901
GGSFQLNELQGLK;12;0.7726980038634901
LKQVLLHQQAK;12;0.7726980038634901
KVPQVSTPTLVEVSR;12;0.7726980038634901
VPSHAVVAR;12;0.7726980038634901
VVWCAVGEQELRK;11;0.7083065035415326
LPLRYPERLQNPSESSEPIPLESR;10;0.643915003219575
QVLLHQQAK;10;0.643915003219575
FQLFGSPSGQK;10;0.643915003219575
AGFAGDDAPR;9;0.5795235028976174
VRGPPVSCIK;9;0.5795235028976174
QSSGENCDVVVNTLGKR;8;0.51513200257566
TVTINCPFKTENAQK;8;0.51513200257566
LAADDFR;8;0.51513200257566
TLIEKTNEER;8;0.51513200257566
DSAIGFSR;8;0.51513200257566
YLGPQYVAGITNLK;8;0.51513200257566
CGLVPVLAENYK;8;0.51513200257566
MELLEDALVLRSAR;8;0.51513200257566
NLLFNDNTECLAR;8;0.51513200257566
SDTSLTWNSVKGK;7;0.4507405022537025
VLDSGFREIENK;7;0.4507405022537025
YYGYTGAFR;7;0.4507405022537025
DSPIQCIQAIAENRADAVTLDGGFIYEAGLAPYK;7;0.4507405022537025
MYSGLAQTGAWGCFDEFNR;7;0.4507405022537025
APAFEGR;7;0.4507405022537025
SLDLDSIIAEVK;6;0.38634900193174504
SDTSLTWNSVK;6;0.38634900193174504
SDLAVPSELALLK;6;0.38634900193174504
ELDESLQVAER;6;0.38634900193174504
QSPINLQR;6;0.38634900193174504
VYTVDLGR;6;0.38634900193174504
SVNGKEDAIWNLLR;6;0.38634900193174504
IIAPPER;6;0.38634900193174504
NADLQVLKPEPELVYEDLR;6;0.38634900193174504
SSEDPNEDIVERNIR;6;0.38634900193174504
VTTVASHTSDSDVPSGVTEVVVK;6;0.38634900193174504
LFDSDPITVTVPVEVSR;6;0.38634900193174504
TLLSNLEEAK;6;0.38634900193174504
CLAENAGDVAFVK;6;0.38634900193174504
ADAAPDEKVLDSGFR;6;0.38634900193174504
LGPLVEQGR;6;0.38634900193174504
FLEQQNQVLQTK;6;0.38634900193174504
SGSGLVGR;6;0.38634900193174504
IIRSSEDPNEDIVER;6;0.38634900193174504
EDAIWNLLR;6;0.38634900193174504
GPPVSCIK;6;0.38634900193174504
NLFETPILAR;6;0.38634900193174504
LSDAGQYLCQAGDDSNSNKK;6;0.38634900193174504
ADAVTLDGGFIYEAGLAPYKLRPVAAEVYGTER;5;0.3219575016097875
IGLASALQPR;5;0.3219575016097875
AVDTWSWGER;5;0.3219575016097875
SQQSSDPDPNCVDRPVEGYLAVAVVR;5;0.3219575016097875
IDSGLYLGSGYFTAIQNLR;5;0.3219575016097875
TPLPLAGPPR;5;0.3219575016097875
KTLLSNLEEAK;5;0.3219575016097875
AKDTVYTK;5;0.3219575016097875
SEEEVAAR;5;0.3219575016097875
VLDSGFR;5;0.3219575016097875
FQLFGSPSGQKDLLFK;5;0.3219575016097875
ASSIIDELFQDR;5;0.3219575016097875
VPPRIDSGLYLGSGYFTAIQNLR;5;0.3219575016097875
VMPVLKSPTIPFFDPQIPK;5;0.3219575016097875
CAFSSQEPYFSYSGAFK;5;0.3219575016097875
LQNPSESSEPIPLESR;5;0.3219575016097875
DVTVLQNTDGNNNEAWAKDLK;5;0.3219575016097875
FFSASCVPGADK;5;0.3219575016097875
LADFALLCLDGKR;4;0.25756600128783
DLKLADFALLCLDGK;4;0.25756600128783
ADAVTLDGGFIYEAGLAPYKLRPVAAEVYGTERQPR;4;0.25756600128783
ESTVFEDLSDEAER;4;0.25756600128783
GPPVSCIKR;4;0.25756600128783
EVTGIITQGAR;4;0.25756600128783
KSEEEVAAR;4;0.25756600128783
VLVHTSVSPSPDNLR;4;0.25756600128783
LFAEEKAVADTR;4;0.25756600128783
FAAATGATPIAGR;4;0.25756600128783
NRPGVYTK;4;0.25756600128783
FDEYFSQSCAPGSDPR;4;0.25756600128783
VTVIANAQDLSK;4;0.25756600128783
VVWCAVGEQELR;4;0.25756600128783
NLDLDSIIAEVK;4;0.25756600128783
LLVVTDPR;4;0.25756600128783
CELSQLLK;4;0.25756600128783
ILPVAWHNRIALRLELLGC;4;0.25756600128783
SSEDPNEDIVER;4;0.25756600128783
TNAENEFVTIK;4;0.25756600128783
AQYEDIAQK;4;0.25756600128783
CLAENAGDVAFVKDVTVLQNTDGNNNEAWAKDLK;4;0.25756600128783
TLVDAVAK;3;0.19317450096587252
DAEAWFNEK;3;0.19317450096587252
AEFAEVSK;3;0.19317450096587252
TVTINCPFK;3;0.19317450096587252
LQVVDQPLPVR;3;0.19317450096587252
LASYLDK;3;0.19317450096587252
NNVMLQW;3;0.19317450096587252
ELSEALGQIFDSQR;3;0.19317450096587252
SVVSGSINTVLGSR;3;0.19317450096587252
SVQWCAVSQPEATK;3;0.19317450096587252
IVLVDNK;3;0.19317450096587252
SLVNLGGSK;3;0.19317450096587252
WESGYNTR;3;0.19317450096587252
IIVPLNNR;3;0.19317450096587252
SSQVPQSR;3;0.19317450096587252
SYELPDGQVITIGNER;3;0.19317450096587252
QAQEKFGKDKSPK;3;0.19317450096587252
LVNEVTEFAK;3;0.19317450096587252
NGSDCPDKFCLFQSETK;3;0.19317450096587252
ILLNPQDK;3;0.19317450096587252
VVRDPQGIR;3;0.19317450096587252
IIEGEPNLK;3;0.19317450096587252
FGWIKGVLVR;3;0.19317450096587252
CYTAVVPLVYGGETK;3;0.19317450096587252
GALQNIIPASTGAAK;3;0.19317450096587252
GQFPNLCR;3;0.19317450096587252
ELDESLQVAERLTR;3;0.19317450096587252
GGCITLISSEGYVSSK;3;0.19317450096587252
STDYGIFQINSR;3;0.19317450096587252
TLLEGEESR;3;0.19317450096587252
NFGSVQFVASYK;3;0.19317450096587252
SNLCALCIGDEQGENK;3;0.19317450096587252
AFVNCDENSR;3;0.19317450096587252
DVTVLQNTDGNNNEAWAK;3;0.19317450096587252
QLEQVIAK;2;0.128783000643915
CLAENAGDVAFVKDVTVLQNTDGNNNEAWAK;2;0.128783000643915
QDGSVDFGR;2;0.128783000643915
TPGPGAQSALR;2;0.128783000643915
TNLPSNTAFR;2;0.128783000643915
LDSPATPEK;2;0.128783000643915
DFIDIESK;2;0.128783000643915
EILSVDCSTNNPSQAK;2;0.128783000643915
LQAEAFQAR;2;0.128783000643915
CVPNSNER;2;0.128783000643915
GLGDVDQLVK;2;0.128783000643915
NSKIEISELNR;2;0.128783000643915
ATLVQDGIAK;2;0.128783000643915
IDSGLYLGSGYFTAIQNLRK;2;0.128783000643915
IDSLLENDR;2;0.128783000643915
SISISVAR;2;0.128783000643915
EFPTVPLVK;2;0.128783000643915
IRPFFPQQ;2;0.128783000643915
AACLLPK;2;0.128783000643915
EIQNAVNGVK;2;0.128783000643915
LCAGTGENK;2;0.128783000643915
LIPTQPSQGAP;2;0.128783000643915
NILREKQTDEIKDTR;2;0.128783000643915
KSEEEVAARR;2;0.128783000643915
RSDTSLTWNSVKGK;2;0.128783000643915
KTLLSNLEEAKK;2;0.128783000643915
GFSSGSAVVSGGSR;2;0.128783000643915
ISISTSGGSFR;2;0.128783000643915
DVSLAKADAAPDEK;2;0.128783000643915
QSSGENCDVVVNTLGK;2;0.128783000643915
ATNYNAGDR;2;0.128783000643915
ESTVFEDLSDEAERDEYELLCPDNTR;2;0.128783000643915
ATVNPSAPR;2;0.128783000643915
QTALVELVK;2;0.128783000643915
VFDEFKPLVEEPQNLIK;2;0.128783000643915
VLTPTQVK;2;0.128783000643915
VRGPPVSCIKR;2;0.128783000643915
WELLQQVDTSTR;2;0.128783000643915
AATVGSLAGQPLQER;2;0.128783000643915
THYYAVAVVKK;2;0.128783000643915
ILGQQVPYATK;2;0.128783000643915
FTTDLDSPR;2;0.128783000643915
ALEESNYELEGK;2;0.128783000643915
VGDTLNLNLR;2;0.128783000643915
ASASDGSSFVVAR;2;0.128783000643915
TLLDIDNTR;2;0.128783000643915
LEGFTLPR;2;0.128783000643915
SLLEGEGSSGGGGR;2;0.128783000643915
EVSDSLLTSSK;2;0.128783000643915
LVGQDVAR;2;0.128783000643915
CGLGINSR;2;0.128783000643915
LAVYQAGAR;2;0.128783000643915
AAGSRDVSLAK;2;0.128783000643915
LPLRYPER;2;0.128783000643915
GTGIVSAPVPK;2;0.128783000643915
VDPEIQNVK;2;0.128783000643915
DAVTTTVTGAK;2;0.128783000643915
LASYLDKVR;2;0.128783000643915
LVAASQAALGL;2;0.128783000643915
AGSGAPGGTSK;1;0.0643915003219575
LASAYGAR;1;0.0643915003219575
IASNTQSR;1;0.0643915003219575
RELDESLQVAER;1;0.0643915003219575
ETFTSGR;1;0.0643915003219575
ECEEIIR;1;0.0643915003219575
YWCNDGK;1;0.0643915003219575
ATLVQDGIAKGR;1;0.0643915003219575
AVDIPGLK;1;0.0643915003219575
AQAWGER;1;0.0643915003219575
TLIEKTNEERK;1;0.0643915003219575
AELQEGAR;1;0.0643915003219575
YVPPSSTDRSPYEK;1;0.0643915003219575
VSLAGACGVGGYGSR;1;0.0643915003219575
SLVGLGGTK;1;0.0643915003219575
TFISPIK;1;0.0643915003219575
GVLEQLR;1;0.0643915003219575
RGAGEEEGR;1;0.0643915003219575
EIQNAVNGVKQIK;1;0.0643915003219575
GGSSSGGGYGSGGGGSSSVK;1;0.0643915003219575
QGGFLGLSNIK;1;0.0643915003219575
VTASPDKVTKT;1;0.0643915003219575
EPDSNVIVVDWLSR;1;0.0643915003219575
LDAPSQIEVK;1;0.0643915003219575
LRSEIDNVKK;1;0.0643915003219575
DSPIQCIQAIAENRADAVTLDGGFIYEAGLAPYKLRPVAAEVYGTERQPR;1;0.0643915003219575
KYNELLK;1;0.0643915003219575
LGSLSTK;1;0.0643915003219575
SEIDNVK;1;0.0643915003219575
VAIIDTYK;1;0.0643915003219575
DDNPNLPR;1;0.0643915003219575
TLLSNLEEAKK;1;0.0643915003219575
QLDSIVGER;1;0.0643915003219575
YPERLQNPSESSEPIPLESR;1;0.0643915003219575
SIDTSEAK;1;0.0643915003219575
SDDKVTLEER;1;0.0643915003219575
ATALPAR;1;0.0643915003219575
LYEQLSGK;1;0.0643915003219575
CPCCAVDTTQAPGK;1;0.0643915003219575
VVNPTQK;1;0.0643915003219575
ADAAPDEK;1;0.0643915003219575
CDEPILSNR;1;0.0643915003219575
FLEQQNQVLQTKWELLQQVDTSTR;1;0.0643915003219575
LENEIQTYR;1;0.0643915003219575
GSVTFHCALGPEVANVAK;1;0.0643915003219575
TVTINCPFKTENAQKR;1;0.0643915003219575
AKLEEQAQQIR;1;0.0643915003219575
APSTYGGGLSVSSSR;1;0.0643915003219575
GVAGGSVAVLCPYNRK;1;0.0643915003219575
LSKELQAAQAR;1;0.0643915003219575
NDVVFQPISGEDVR;1;0.0643915003219575
EGDDDRTVCR;1;0.0643915003219575
RSVQWCAVSQPEATK;1;0.0643915003219575
ASHEEVEGLVEK;1;0.0643915003219575
VLVHTSVSPSPDNLRR;1;0.0643915003219575
AQEHYPVSAGYTK;1;0.0643915003219575
NYGQLDIFPAR;1;0.0643915003219575
EFVGNWNK;1;0.0643915003219575
LADGGATNQGR;1;0.0643915003219575
SGGGGGGGLGSGGSIR;1;0.0643915003219575
ILLNPQDKDGSFSVVITGLR;1;0.0643915003219575
QISNLQQSISDAEQR;1;0.0643915003219575
ATNYNAGDRSTDYGIFQINSR;1;0.0643915003219575
FALEHEASDLVEIYLWK;1;0.0643915003219575
NESTQNCVVAEPEK;1;0.0643915003219575
GSLGGGFSSGGFSGGSFSR;1;0.0643915003219575
GSGGGSSGGSIGGR;1;0.0643915003219575
LPILNQPSTQIVANAK;1;0.0643915003219575
LDKQGNFNAWVAGSYGNDQWLQVDLGSSKEVTGIITQGAR;1;0.0643915003219575
GVAGGSVAVLCPYNR;1;0.0643915003219575
RDSPIQCIQAIAENRADAVTLDGGFIYEAGLAPYK;1;0.0643915003219575
SQYEQLAEQNR;1;0.0643915003219575
TAAENDFVTLK;1;0.0643915003219575
KPVTEAR;1;0.0643915003219575
EKQTDEIK;1;0.0643915003219575
AQYEEIAQR;1;0.0643915003219575
SGTSEFLNK;1;0.0643915003219575
AVVGVVAGGGR;1;0.0643915003219575
LASHEYLK;1;0.0643915003219575
LNDLEDALQQAK;1;0.0643915003219575
AEAESLYQSK;1;0.0643915003219575
ATEHLSTLSEK;1;0.0643915003219575
STSSFSCLSR;1;0.0643915003219575
LDELRDEGK;1;0.0643915003219575
SQYEQLAEQNRK;1;0.0643915003219575
VSWSLVYLPTIQSCWNYGFSCSSDELPVLGLTK;1;0.0643915003219575
EVSELRSELWEK;1;0.0643915003219575
SEEEVAARR;1;0.0643915003219575
QGFPVGK;1;0.0643915003219575
DTVYTKGR;1;0.0643915003219575
QAQEKFGK;1;0.0643915003219575
QITASSSYK;1;0.0643915003219575
DVNQQEFVR;1;0.0643915003219575
TAAENDFVTLKK;1;0.0643915003219575
TGTEVYR;1;0.0643915003219575
ADPGHSEISSTR;1;0.0643915003219575
QEYEQLIAK;1;0.0643915003219575
LGQENLEDK;1;0.0643915003219575
CSTSPLLEACEFLR;1;0.0643915003219575
GDFSSANNR;1;0.0643915003219575
GEKFPSTSESR;1;0.0643915003219575
NICDISCDK;1;0.0643915003219575
ELQAAQAR;1;0.0643915003219575
